-733345087
1128207508
1187242952
-1066820425
-895822033
555214303
-2093601499
-1902794362
1213680704
-2057246164
284659476
-437949563
-1866932103
503223952
-1565758179
-67946695
1000160592
969560118
1105676336
-35077325
-1056302682
-1883697515
1883670214
-1523730595
-1783252844
-611488539
-1981539515
-1935712874
-1663954839
1175772878
-760304472
-1455798399
-1430987277
-1028195230
-1483070113
1314389402
2094475262
-317122227
1393544307
-1120924791
-95750375
-1626891445
-807121683
-1167262278
-596752993
1140442073
-912502920
681255981
1720609781
-1550065361
-1171355067
1816145546
1956613392
1930893932
-1627624658
-204999304
-1990211783
-460502253
1051246621
-1016855250
1266035988
-927817290
-502922833
1354808649
-73807139
-1093274128
432808979
1431050720
1271741429
-1354495593
996151864
-453543467
-713059171
570501426
-1762314457
-65079699
1915462656
1670897577
-1695303252
-1630134237
1813697142
980595003
-1709945284
1736651960
-612294650
-870182477
1431094034
800006798
1400637229
1246693854
-1095325030
360836406
181815261
-701611977
1229703187
399001415
-99688760
1984846052
149561967
-2099743375
-1958630179
-388505371
-1865686659
1870253777
-982215918
-352044918
-222471863
861105798
-1414265244
1358180646
824043458
1033628291
1972789275
107368961
2002684061
-334683226
1919774290
72874130
981156729
951878410
-1226700618
547080173
454744132
447297688
237874574
-1104995462
-942518820
1171738340
954362618
643789031
-708819207
-303585226
-76441473
1090256223
1519272265
-460703515
1386620098
1988026875
858006236
355013355
-867206253
2137305976
540850626
-33548618
983975981
1530939690
-204467726
1975409980
29661115
-2053896399
-902642324
957067089
471801886
129570793
-166221150
1713217084
-1383747859
1132218534
-1047296748
187502983
-536017731
945782177
907582521
676748822
-1549492063
-1058410196
-1403364187
997931642
1413431284
1969271341
1097295719
1851729030
-610462123
-656140855
1783280563
1907100707
1999831538
2089160799
-1855281472
-1407821984
1083850761
1421388215
-353942029
-1196125235
329803180
-2018312069
-576264387
-602904312
-1727553340
576622821
2144535488
-1849974632
-2094824105
-62541127
-1652748104
630019833
1572793101
1830257270
-1724022120
1364765175
1657511663
-1897616953
-1625465229
-2094041025
1365568882
-1837384897
742194589
106497586
1113213108
243471686
-810489966
592288764
1757908741
1230602317
1563944469
377843941
-653478488
-660210616
251377564
-1141213210
491707353
-753766051
1790968811
320987519
415828498
1882470361
788100862
1981507271
-1831657079
-1151292573
1065428523
69317060
-1947615235
-816104077
238461832
1680373500
308943794
2108537604
-2077924471
-1907747764
-966714438
-732776057
300439789
-1301296905
1006448757
1650810651
-2075071781
-440607999
1462153306
-1744242181
587508040
-537510466
-121979658
166599479
-1139317861
1940229541
-1826556876
-1795020633
-1210219118
1481602409
-1464569377
1714526748
1837948518
1929564234
-956504731
1140086231
1644181037
-1207493209
1044168669
1457446974
810833279
-1916397096
-643449269
988435148
-832871588
-562720710
-103459806
-1211085239
122535244
-1329350006
760134153
-352887749
602779080
-1323712138
1103144162
1950315419
717595864
-500354447
-1723799289
-809134900
863950589
500334278
-1601663530
481341640
1606968912
-477112336
-1428220561
1133072284
-114984470
2056322343
1309408444
-1866421738
1736107910
-846082498
-124667983
824388283
-2036640923
-631326804
-958026284
-1992455682
-879039887
-1595454489
898431743
-1921320529
-1952310619
1355849208
-566364059
842404785
260631979
-46517941
-509423150
-664961040
1476061638
1715573447
1717152566
-1880586863
394108146
-872550626
-460121501
-463013014
1622292040
812530277
74971413
482036659
1775030695
-1301693210
546034483
-859537666
146954640
-1672734411
80835924
-374767004
-933747886
-1961681024
197877636
1322654976
-1420908186
2000028203
197795910
-1915926367
-2104293348
-52248676
-1382622243
-1258561094
-1409736586
-1362635438
1369998279
1559356061
-893745837
-2107797444
-285834615
521641448
-1609263409
268668488
-1369186382
-1336431553
1260548073
-646167239
199893017
1015906619
2041940583
-2019974467
458974824
-2011964511
851066102
-510977602
369596382
2060289238
-68978796
-2039566088
2030602575
1857426322
-232037838
1640752843
-441091984
1118807508
-1519599212
-1229423022
1459508561
1411237397
-315406724
282364339
-1955356631
506261440
-1373689082
-1622391368
885514073
128542432
1981465173
2044959390
1323561387
-2025892069
-1469653393
737695277
846708954
355036638
-2089996187
178615048
-1920657322
-1343069223
-678033737
1392705862
1878697031
188819886
-1303310859
-1457290176
1464949970
-890328092
1364653993
958978476
1786700188
-1658887647
1378102132
-1361576470
2075363724
990518680
-1895111050
1186218397
2139302612
-1531393345
1748856051
186631294
-712777936
-1750656443
706163251
-1719121556
1566460016
-974240445
-722068824
-1669023802
150935860
-1561567055
476265558
557374973
-1856903690
1447621659
89964911
-2053486236
-1830190514
639616915
76075325
2072659786
-1820692880
943070441
-416046268
1600545610
-61859592
665700377
-1686560601
1492252384
-1456604951
-1947411708
656193482
-1332699585
1117373427
363321443
-1080539592
-906844574
-1231272716
1936171512
454376647
-36583327
131765952
1321440773
932274682
1466811909
-1597913307
-1441034239
497211046
492682142
-342153687
-349912951
-1788526377
826555155
822068629
1549242516
-2007744269
876708921
-2138706762
-981728277
1886754080
266366568
-2081717150
2104839895
-294154525
-370157748
-1347633351
-1941662949
-2087796983
-1635538184
-316243412
-683280348
-1289225271
-344598208
-27766461
304779902
439493930
1701891143
-497957734
811912842
-1743434846
-854444970
395561388
736383598
-1633477377
877542639
-277990189
844729164
1822866314
-1238859999
786851599
688413109
142107497
-27704034
-281277434
733253984
-1755610555
147518218
1307391051
1554661398
1639195948
-213604075
-1033154590
1703866352
-846536521
1666478795
1657195779
969431237
-1767598225
1625069482
-2001772770
-2028456739
-270155156
-271785740
-243060193
1054092521
1259282495
-1832261433
-284717582
1830555447
-1403261423
-233716118
-1626755511
1256179233
2103971595
1997450217
2127483548
-290864698
944162296
-352499485
1747372657
-29767428
1461249321
1192625825
-110853667
1128752516
805017753
1946513771
1001673290
2005032831
-1491653040
-697212138
-1266672775
576388129
1797751051
739099361
-619878198
360903588
709749020
1906110082
-1685969221
1051939454
1603721103
-1419435910
1480633518
-447563307
-207913074
1751476145
-229368082
1952101170
2118791686
2049573950
1169321203
194120565
-77181047
2026454405
917073893
-635606776
-788859786
1905198470
-1356796578
-960065193
487179094
1349451124
-2068610444
-345108097
7434633
-977686651
1077721846
-1608368571
-1902249439
1141576200
-1264920332
714194761
-699491571
859154363
-1857613692
-12641926
769392761
760140126
-28361789
-297931572
1059799669
1882596483
1852328730
-1667639000
-752838444
423287720
1367406018
-1995293020
-869340842
253735815
313552521
1037389044
969905161
300861867
-1210769195
-1667754465
-1249893909
1964265542
-1141655063
-1106208651
-208029228
-665834687
128385639
884077503
1764786066
1685834389
-1326101483
-1545978440
1248280917
-752691751
-437749789
1000647100
-997845171
-524124901
-812525524
1837758399
-353838703
-764640526
-1779207364
-232497536
801411138
-574073901
-52663790
1275815165
-1341046288
-2025996637
1583253350
1510956841
-153631685
1119494798
1566522092
996377051
-302419267
-1187371498
1512473818
-306134518
1669460007
1162824558
267556264
1199239991
686904745
1417278985
1707025942
-1859856086
1341093015
128300397
1104923507
1391927520
1002376777
1671358796
2010958875
1694069955
584197698
-1338633516
-685361088
-450093029
-1907436909
-348756155
503925485
132380100
1751527041
-392529980
-1905764536
1534160417
609571685
1690501743
89507351
-599314352
-2046657581
-853458768
2070341508
1499691678
-106515202
1225213654
1874566436
486743613
1477886555
-597276447
-263708619
2061238836
1480857475
-1301555044
922642471
-427269738
-457634723
1668051185
1900606813
430651638
-1839091844
-1583685000
-2044656588
-588671207
-1356539195
938571088
455502915
1885062381
-790139308
-676670414
-1027624988
-1026262854
-1563568737
1341527235
-122880013
-2104784745
1965963996
-1972211416
937506773
681365534
-18346848
-357267745
538973628
-89965213
-486819384
1893740237
-200199384
1438857505
629655452
-1937816942
359367088
-1678320074
1711187504
-965811420
-187346942
-1298025391
-1279596787
71439515
-632218841
-6757911
1280162321
-300825783
701476875
1126697328
-767699821
245335565
1241801020
292177352
1034626762
1311879656
304108786
919730677
1085145966
-270232880
-639226034
707880980
1301192095
-661267004
-1227383578
759251852
928776454
-1957908448
-1655537279
-1295928702
1144514618
1917956146
-1920217314
-1843039598
-568388252
324018956
1991395643
-209840965
558633253
420613019
1583593555
1583056026
-1060342858
1811326712
-1270656601
314592986
-390128559
878959102
-1591191743
-1620092182
1546910415
-1117232101
-213371851
1273957361
1628196753
-87168149
-449865430
1642659070
-1731951196
-2110310910
143809816
407686276
-2013328608
869803145
-1070455214
-32527612
-902181936
-1843772917
-644341817
1506386187
697184791
-379978479
1885224580
1376567391
-1779052015
1192615403
-2054628484
-1755204491
848044792
-878031280
-700865141
664299045
-202904888
-532036055
-99536968
30582432
254623782
629830057
-1423663174
-560327263
1478706813
-1293966176
331432125
1186051810
-1549334422
1038528273
-510656923
2036787921
-175696807
-1898715391
-1236857838
791461507
862568304
-289014895
-331858842
1384629992
-199609685
-91036337
-588329725
-1493173440
-642341305
167970760
1106750105
389104334
1744596836
-1918609311
-2145685217
258648522
211076069
-576151962
-738087841
483881371
-804300646
-1075896221
1353260216
-1322487739
23477665
-888450382
1419314207
-880315617
-440886007
-136357035
-1234452634
-1210738486
-1331675209
1828355845
479408064
-1578052002
-1855980403
-2135372917
859551876
1609833445
-1536723512
983733069
909825329
1263062028
-376780631
1411354155
1212320690
-387482857
-1273818281
-302337141
-1805435166
1517365525
1018623235
1400971698
1064936785
1785031509
1289251917
903325269
-994121656
-2129839848
1213708261
-1614300049
-947048694
-453423225
-299819659
1694372693
2093685340
-2073141018
-376063298
1019343623
613741640
-1006075126
239977729
-523365944
954374173
-981298936
-961226081
308850415
-732604743
-1893370833
-1293464829
190973695
-985048311
-332494793
-1438549825
-1417841419
-386247983
-1212444999
-1518290443
1178260705
-247242840
700311010
-1956160776
-969213000
159290438
1197340259
1422632754
1943230567
-595033598
-1856828245
-1995170745
-384691669
-80700779
-1304227496
530656122
263534623
1202154019
947967210
1875324239
-1297295850
-737677956
951509689
-33461390
-1914109269
271157406
762842920
-1137613609
-1984808299
2042388862
294532379
978038817
870030655
-1987435769
-747448666
1862672455
-1509695849
-573477790
249861382
858853237
101909030
-1269665672
-515394604
1889530927
711996256
