-1971766843
344373598
-1694787372
2053698835
1028771043
171184084
-679355217
-1672836246
-518669848
-405176173
1414496580
126149340
-1889219976
1326584734
-971105321
-2049449931
-137531753
414713826
2021739538
-433192960
-605275776
1675850099
1362179829
1052371057
-45754444
-516032485
965557515
1497412997
1652675157
32864790
517431262
1215980391
1564324787
904894230
1555827372
-534512874
1561682215
-293836916
1589719641
1425368387
150388255
971433001
2138243240
1348929407
1252256890
-718945886
114523813
1414631317
-2102870506
-606616397
-1208618395
372543796
1648176038
1742918247
-1492786190
395762129
1708647624
-1715650411
1350892927
-356671797
1808878934
-1931662675
-813024541
1730537935
-945259525
-1857958220
-25158588
1375594365
-1316942327
-809027956
-1685663726
1385299019
1401545866
-214650503
-1032157129
997966761
-1721098604
-335392
837643916
-308322970
2043864289
-1466014896
-1855460210
870690130
-1121330529
-518501178
-180798895
-1536659165
1596540803
2017858348
38627508
-1347465060
26234659
404131875
-1440916779
-823440405
2093926789
1136275714
2132828871
420490322
1178439922
184062493
342783362
847371018
187521296
53348937
-490919397
1980088931
-1037868241
1033366175
1758525492
-1375298257
1631364066
-4295040
18835893
-1388619679
119877074
-768092198
2029401019
1671949040
1822094798
1810863016
1380346576
-1426503680
-196066267
953303743
-1351465379
1370214212
1198745399
-495611194
-613472420
-377626723
-1822000311
-1001335931
-948644271
1906733063
-1165272167
-2087021469
2106469498
711054005
-72019790
-786164183
-1410425788
602211961
722554881
1641256204
53693697
-2132133271
-646848345
1693101801
284016088
-485529665
218560911
-1370068526
-1556012036
661267969
639167683
-1290101048
691730465
-96330399
1952494587
-1631400758
824338218
-65684635
-209440137
-1092708338
1367448102
1042484682
-936099826
1429240205
-563672707
-337057882
-390606459
1721328325
-1450422426
-1749895988
-326053340
741628346
1156787611
75734899
882672262
-2118037187
1533065808
-2049184743
1893363889
-1464942224
1814685792
1612558244
1210211686
1577436296
-1086071095
-1727773749
1908581049
-76235820
-1631726758
-1594614349
-1635389469
-722419457
-1561240406
1377757916
-415732139
1831233425
840003404
1003624510
934388753
1735824059
-1181779392
-1123801169
132753205
1187275603
-749644116
1670870919
771061464
1227194908
-1591083317
-1810931578
1160744217
-908703157
-1984806876
31378932
-40960396
149395526
-104997633
-1186614263
595638871
-1825292114
1618792724
-886765425
-1447313163
-1853328481
-1054888571
1468473797
-591240615
1405456438
-1764671474
655662982
-397419843
-1871631277
-2042168965
210518698
1259528219
583423135
1179436889
1473664684
-502598396
-313767728
231232752
313692557
333943985
-848938965
-1392842896
92900855
-484078505
-511458742
-1333245591
2144945060
1821906367
1876049951
-1438877312
356917760
-1932490987
1791695160
351342687
1422962957
447785983
1409001796
-1987145235
2101992582
-1247732751
1210546645
-499835457
1193168199
-2086264385
-1968319385
-379899187
-1707903765
740493427
1831334048
-1268221336
-451465290
-1195056800
-205176103
1732103787
1668096181
-66381961
-616583460
-411373904
-225235933
1836409816
1922671343
-1100637754
-1087851506
-1413220436
494165777
-966984480
-1564837062
-1355813071
-605229949
805285647
546263621
625959445
919767433
1255779251
-1582304501
129606920
-1024357007
1624440879
-1928942005
-1565159284
-1336276780
-504422181
-1223045238
1803870479
-1422285285
1383602494
531487543
58524730
-1756066236
-1750070404
684395279
-145823861
1302418918
-1042894067
611560643
1709480993
-1454885262
-1527259473
-351320361
156558294
-1903814725
-2943587
-295131188
-1143342190
-1627902537
-1736713215
442188673
-1279641890
2078092934
1280658086
-1624341803
1491484855
-2077924172
1006824945
811854225
-554035804
704324027
-686546927
799487621
596314890
1308710091
-439463307
-455220752
-1266780225
-1910617652
-858916226
742759972
701092316
1854198947
494736758
-1335378326
313939414
-2045875020
1121548223
-1046370270
-707818801
-149095257
1525963599
1986048558
-582666199
342059631
1714938203
-399370607
-453074852
-111142008
756448082
-257041838
-182053623
2034563455
244543244
-1202860122
-1865336753
951892663
1163061827
380638797
-2049212580
934638441
-1194108607
836156988
239979077
-329993492
-1135020837
-554930053
503784730
1203351862
-131089507
221266512
-1509423563
1148604578
1668762182
1764300445
-1157456430
-1376782349
-1611708554
2103652742
736627428
-1553626984
494032549
-721362346
-2007791322
1902638385
1127794263
630286243
-1959662481
-43565999
148598157
-953192017
-1793786550
1892535173
732064894
-434444528
1887931077
-1606381931
-1120746361
-434647149
716195209
-398840055
-1838613665
-1877571234
-656492501
-1231271954
-77709938
1682418772
-1048645440
-1858498087
-1149717473
16316
1906683830
940067628
-113311340
100214308
-919588895
651976855
-1934484967
-1698765949
1133501396
-1703077407
-546313475
-321576547
-1676966798
-1075687704
1595180381
-1436313941
382004420
-2036242202
662093857
-612879814
-43335925
-514673675
314082604
-1572555693
1550597913
71025876
1207057870
-1870916901
1963281884
1679029995
-507243907
-464105155
785289787
277104268
-2087783995
1325903429
-1310270684
1213467515
163746428
1004686415
646450917
1414027184
-1093868231
-1457014880
-517260357
1507065435
638232837
-469635309
1485086120
-1139636441
-136308909
644993783
-1915114103
409506242
18602797
-1703207369
-843018905
147352989
1530251184
1874087355
813262348
-1337857552
-1239547462
-236774898
721914329
191930880
-160919327
1052010305
238645463
-305378908
921471910
-802631922
204202507
588430852
-1163046167
1866279231
1757797901
20700836
-1369993056
-924273072
-881844517
-1075613024
-687673917
889245779
1227112682
-1776968135
-1048267894
-852736493
186444158
590261391
1907280858
-1475427204
1630633530
994521520
1721357564
2088170042
1551712762
1337051345
1875917967
-1881136737
-1734677792
1486877402
-501508672
1027783881
-860158547
576182567
1226088119
-1824731133
-613631407
-155387764
2141825364
625890923
-178928188
-678823782
-589931750
-1183109931
-1450197738
1857696544
-972883861
-1537290513
1798172101
-712658956
-584012043
2010923685
-1211076786
-1355114253
964399980
-698952249
207501830
1886087749
-1412282759
1543934439
-1404479703
614032101
994997489
1539672711
-1168277965
-2131297952
1939384138
-1025414796
-1588939922
2052479196
930419786
-1706107540
-2094875700
320088667
-516003072
-246231290
-1558611466
1544498753
502188024
1351581651
423987364
633432595
480659881
1386346431
-836786642
345501313
396490802
2069783741
-1068186269
1911716261
-1953696699
-1769975645
208131993
1778678157
-2109660829
-1534209711
2145231877
1919234806
1974189897
-419752167
-1300348852
1572147290
-2116180311
-712114854
-2065891751
1922719021
-644473571
1960280430
1695605617
-2017988254
-502107048
-1835842619
378862724
1063555379
-1596200802
656111442
-1041685564
-1659763422
-1812958603
1965155109
1761676155
801058362
-382042212
1355078232
1075356185
1354799770
-787036356
924929583
-463330420
-1595974093
1206299997
-302948742
-1670157356
663106512
-811538021
1104743486
782065366
-1397675434
-1019648743
267973268
-256804497
114582093
-36404300
511257040
1617354700
-701325410
-1102492549
-834881308
1154579704
1063564190
-273078945
2014329094
1433601973
-1554054326
960173606
1202491281
60227728
-1806520876
-2080127323
-1190075864
-198705873
-1600383138
-1739412434
-12244703
1010685165
1204345860
1224743494
-1329003489
-1635155288
366702368
-1693504869
604550400
79482841
-2037191992
-715018188
392979706
-1151787804
-907947109
1272687082
590616576
-1590568272
-1540959043
-1675171818
966062698
1805945210
-1939425249
2015287691
968013012
1313951974
2029461251
-1107840058
-1906666939
238847319
-469909825
-1347196316
-1743600493
-1376604545
-585095744
2108303827
2103739142
667804473
687623377
-502052532
310132540
-569078123
-1446872931
1222043648
613829707
-1550388684
-1966264462
1858054545
1147950124
871496150
-476297401
-1196997181
2134523734
636695601
-110866432
-441458829
-2043186519
1845691652
-1313612305
-1975036217
-355760243
1463247978
-1329301346
-1009710426
278127195
-251478157
-1960496693
1369816426
-1480471813
-1567109648
818489523
786469076
816769997
1297379725
-1755021933
-1804907200
-1627366708
-502074843
-1079608981
321611801
2106495217
-614323375
-1803031036
240418190
1724576725
-711295166
835785268
217854341
-1782458983
-1227971888
-1217765791
458664912
1013059337
284464850
-1774179005
918692766
178362367
-1047240016
-507960083
-1489293773
1772667397
1091527733
-1841583091
1278919899
-995886786
-1586739031
977203058
-1919273445
1484140421
1187054366
-1406649394
-1842842070
1518622166
-619359222
-1409437763
140477087
1735690220
-1439844842
-2130474491
-1721774741
-1958621652
1213711412
283744287
-1505565944
1857001921
1464757495
-461207306
1127596018
1228300039
652052254
-715708435
1172212054
-1003163092
1766955889
939770919
1687723273
-1966568940
-415631408
-1318172671
-1119015749
2070383997
131096456
-657996573
73259115
1668910692
-1262818072
-1372293320
695860253
-1947658330
-32376812
1646364346
2022614219
-1101909783
1742542616
201328370
1535926424
-2026193732
-1042838721
-1534002177
-1782751669
1894782204
914206629
-932812907
2115604474
-2038986375
342506763
-1627807160
-1163016955
1152754906
-31230230
1912046858
-687476922
63593405
1172673994
2070357746
-1042675834
31361570
1979253459
-1336396993
2118141234
1702978313
1744320676
-1928193125
-912351923
2121971288
-279814813
1737337507
-54477656
450965762
1788144148
-1852392794
1394012497
831650662
-1932004562
-1517546324
175486792
1293507060
843966059
59751354
1861540984
-789433322
28365279
-1722144684
218656741
1358734668
894732364
554121283
-1898123231
241826969
-79284556
-1420044648
-1935446780
945737245
290930478
1685037040
420581531
-1619920125
1366977789
1855325944
-1893416096
473551772
-642263586
-1827226317
192339883
1485223884
-93520736
-1963105285
-1385813911
-84092508
-1831597830
809814468
-767985910
1270154832
-2010765160
-249415768
-1048259393
1353095475
1817865590
410620703
-173935899
-2011497136
-1480344207
-1614063603
1079195324
-527605525
-773478629
1148825345
1776241756
1314881391
-1291767858
72491963
-1419873048
-2097764974
1448603395
941473775
449971203
1281512375
-432731420
-2033086904
204587138
719331986
-743380449
1830144431
-987620253
-1197027823
907915004
595213516
348223486
-1029928326
-698888271
504534476
1294591098
-197457968
303521780
178106980
1411914113
-265959557
-1877745710
856107030
-1954573769
-1340233689
-1735023681
558009523
-367065753
1279708139
472721901
-1284226272
-165171969
1902394542
-453381920
-464269220
1188892862
436138694
-747658430
267386049
-1531295701
-1247534623
656518387
-1598208631
-800790584
364965928
-871723676
-933535085
-318435960
-413140063
642087717
721871975
-1198702467
-2039524908
1720069307
1886924407
1022629845
-931414607
-1442587977
1094799783
-305341177
1412992944
-162935037
-657421553
-439640760
-151436230
95491455
-1974113537
-854303164
-1951093689
694952395
774039619
1140615690
-1233159097
